{
 "cells": [
  {
   "cell_type": "code",
   "execution_count": 141,
   "metadata": {},
   "outputs": [],
   "source": [
    "import numpy as np\n",
    "from random_data_generator import *\n",
    "from sequential_estimator import *\n",
    "import math\n",
    "from numpy.linalg import inv\n",
    "import matplotlib.pyplot as plt"
   ]
  },
  {
   "cell_type": "code",
   "execution_count": 142,
   "metadata": {},
   "outputs": [],
   "source": [
    "def gaussian(mu, var, x):\n",
    "    sigma = math.sqrt(var)\n",
    "\n",
    "    a = sigma*math.sqrt(2*math.pi)\n",
    "    b = -(1/2)*(((x-mu)/sigma)**2)\n",
    "\n",
    "    return (1/a)*math.exp(b)"
   ]
  },
  {
   "cell_type": "code",
   "execution_count": 143,
   "metadata": {},
   "outputs": [],
   "source": [
    "def make_design_matrix(x,n):\n",
    "    A = np.ones((1,n))\n",
    "\n",
    "    count = 0\n",
    "    for col in range(0,n):\n",
    "        A[0,col] = x ** count\n",
    "        count += 1\n",
    "    \n",
    "    return A"
   ]
  },
  {
   "cell_type": "code",
   "execution_count": 144,
   "metadata": {},
   "outputs": [
    {
     "data": {
      "text/plain": [
       "array([[1., 2., 4.]])"
      ]
     },
     "execution_count": 144,
     "metadata": {},
     "output_type": "execute_result"
    }
   ],
   "source": [
    "make_design_matrix(2,3)"
   ]
  },
  {
   "cell_type": "code",
   "execution_count": 145,
   "metadata": {},
   "outputs": [],
   "source": [
    "def get_newmu_new_var(b,n,a, new_data, first_round: bool, last_mu, last_var):        \n",
    "    design_matrix = make_design_matrix(new_data[0],n)\n",
    "    a = 1/a\n",
    "\n",
    "    if first_round:\n",
    "        new_mu = inv(np.dot(design_matrix.T,design_matrix)+np.identity(n)*(b/a))\n",
    "        new_mu = np.dot(new_mu,design_matrix.T)\n",
    "        new_mu = new_mu*new_data[1]\n",
    "\n",
    "        new_var = inv(np.dot(a*design_matrix.T,design_matrix)+b*np.identity(n))\n",
    "        #  posterior_covariance = np.linalg.inv(inv_variance * design.T.dot(design) + precision * np.identity(basis))\n",
    "    else:\n",
    "        new_var = inv(last_var) + np.dot(design_matrix.T,design_matrix)*a\n",
    "        new_var = inv(new_var)\n",
    "\n",
    "        new_mu = np.dot(inv(last_var),last_mu) + design_matrix.T*new_data[1]*a\n",
    "        new_mu = np.dot(new_var, new_mu)\n",
    "\n",
    "    return [new_mu, new_var]\n",
    "\n"
   ]
  },
  {
   "cell_type": "code",
   "execution_count": 146,
   "metadata": {},
   "outputs": [],
   "source": [
    "test_data = [[-0.64152, 0.19039],[0.07122, 1.63175],[-0.19330, 0.24507]]"
   ]
  },
  {
   "cell_type": "code",
   "execution_count": 147,
   "metadata": {},
   "outputs": [],
   "source": [
    "def bayssian_linear(b,n,a,w: list):\n",
    "    last_mu = 0\n",
    "    last_var = 0\n",
    "\n",
    "\n",
    "    count = 1\n",
    "    data_collector = []\n",
    "    while True:\n",
    "        new_data = linear_model_data_generator(n,a,w)\n",
    "        data_collector.append(new_data)\n",
    "        # new_data = test_data[count]\n",
    "        design_matrix = make_design_matrix(new_data[0],n)\n",
    "        if count==1:\n",
    "            [new_mu,new_var] = get_newmu_new_var(b,n,a,new_data,True,None,None)\n",
    "        else:\n",
    "            [new_mu,new_var] = get_newmu_new_var(b,n,a,new_data,False,last_mu, last_var)\n",
    "        \n",
    "        if np.abs(last_mu-new_mu).sum() < 0.000001 and count >= 50:\n",
    "            break\n",
    "\n",
    "        print(f\"new data ({new_data[0]},{new_data[1]}):\")\n",
    "        print(\"Postirior mean:\")\n",
    "        print(new_mu)\n",
    "        print(\" Posterior variance:\")\n",
    "        print(new_var)\n",
    "        marginal_mu = np.dot(design_matrix, new_mu)\n",
    "        marginal_var = a + design_matrix.dot(new_var).dot(design_matrix.T)\n",
    "        print(f\"Predictive distribution ~ N({marginal_mu[0,0]:.5f}, {marginal_var[0,0]:.5f})\")\n",
    "\n",
    "        if count == 10:\n",
    "            tenth_mu = new_mu\n",
    "            tenth_var = new_var\n",
    "        if count == 50:\n",
    "            fiftenth_mu = new_mu\n",
    "            fiftenth_var = new_var\n",
    "\n",
    "        last_mu = new_mu\n",
    "        last_var = new_var\n",
    "\n",
    "        count += 1\n",
    "\n",
    "    return last_mu, last_var, tenth_mu, tenth_var, fiftenth_mu, fiftenth_var, data_collector"
   ]
  },
  {
   "cell_type": "code",
   "execution_count": 148,
   "metadata": {},
   "outputs": [],
   "source": [
    "def make_large_design_matrix(x,n):\n",
    "    A = np.ones((len(x),n))\n",
    "    count = 0\n",
    "    for col in range(n):\n",
    "        A[:,col] = x ** count\n",
    "        count += 1\n",
    "    return A"
   ]
  },
  {
   "cell_type": "code",
   "execution_count": 149,
   "metadata": {},
   "outputs": [],
   "source": [
    "def draw_picture(n,w, a, mu, var, tenth_mu, tenth_var, fifth_mu, fifth_var, datapoints):\n",
    "    \"\"\"\n",
    "    n: basis number\n",
    "    w: correct w\n",
    "    a: linear model 裡面 e 的variance(就是y的variance)\n",
    "\n",
    "    mu: w which we calculate in the final\n",
    "    var: covariace matrix of w which we calculate in the final\n",
    "\n",
    "    tenth_mu: w which we calculate at 10th data point\n",
    "    tehth_var: covariace matrix of w which we calculate at 10th data point\n",
    "\n",
    "    fifth_mu: w which we calculate at 50th data point\n",
    "    fifth_var: covariace matrix of w which we calculate at 50th data point\n",
    "\n",
    "    datapoints: all datapoints\n",
    "    \"\"\"\n",
    "    plt.figure(figsize=(20,10))\n",
    "\n",
    "    plt.subplot(2,2,1)   # draw ground truth\n",
    "\n",
    "    point_number = 100\n",
    "    x = np.linspace(-2,2,point_number)\n",
    "    design_matrix = make_large_design_matrix(x,n)\n",
    "    y = design_matrix.dot(w).flatten()\n",
    "    y_add_var = y+a\n",
    "    y_minus_var = y-a\n",
    "    plt.plot(x,y, \"k\")\n",
    "    plt.plot(x,y_add_var, \"r\")\n",
    "    plt.plot(x,y_minus_var, \"r\")\n",
    "    plt.title(\"ground truth\")\n",
    "\n",
    "\n",
    "    plt.subplot(2,2,2)  # draw predict result\n",
    "\n",
    "    point_number = 100\n",
    "    x = np.linspace(-2,2,point_number)\n",
    "    design_matrix = make_large_design_matrix(x,n)\n",
    "    y = design_matrix.dot(mu).flatten()\n",
    "\n",
    "    variance = [this_x.dot(var).dot(this_x.T) + a for this_x in design_matrix]\n",
    "    \n",
    "    y_add_var = y + variance\n",
    "    y_minus_var = y-variance\n",
    "    plt.plot(x,y, \"k\")\n",
    "    plt.plot(x,y_add_var, \"r\")\n",
    "    plt.plot(x,y_minus_var, \"r\")\n",
    "    plt.scatter(datapoints[:,0],datapoints[:,1])\n",
    "    plt.title(\"predict result\")  \n",
    "\n",
    "\n",
    "    plt.subplot(2,2,3)  # draw 10th\n",
    "\n",
    "    point_number = 100\n",
    "    x = np.linspace(-2,2,point_number)\n",
    "    design_matrix = make_large_design_matrix(x,n)\n",
    "    y = design_matrix.dot(tenth_mu).flatten()\n",
    "\n",
    "    variance = [this_x.dot(tenth_var).dot(this_x.T) + a for this_x in design_matrix]\n",
    "    \n",
    "    y_add_var = y + variance\n",
    "    y_minus_var = y-variance\n",
    "    plt.plot(x,y, \"k\")\n",
    "    plt.plot(x,y_add_var, \"r\")\n",
    "    plt.plot(x,y_minus_var, \"r\")\n",
    "    plt.scatter(datapoints[:10,0],datapoints[:10,1])\n",
    "    plt.title(\"after 10 incomes\")  \n",
    "\n",
    "    plt.subplot(2,2,4)   # draw 50th\n",
    "\n",
    "    point_number = 100\n",
    "    x = np.linspace(-2,2,point_number)\n",
    "    design_matrix = make_large_design_matrix(x,n)\n",
    "    y = design_matrix.dot(fifth_mu).flatten()\n",
    "\n",
    "    variance = [this_x.dot(fifth_var).dot(this_x.T) + a for this_x in design_matrix]\n",
    "    \n",
    "    y_add_var = y + variance\n",
    "    y_minus_var = y-variance\n",
    "    plt.plot(x,y, \"k\")\n",
    "    plt.plot(x,y_add_var, \"r\")\n",
    "    plt.plot(x,y_minus_var, \"r\")\n",
    "    plt.scatter(datapoints[:50,0],datapoints[:50,1])\n",
    "    plt.title(\"after 10 incomes\")  "
   ]
  },
  {
   "cell_type": "code",
   "execution_count": 154,
   "metadata": {},
   "outputs": [
    {
     "name": "stdout",
     "output_type": "stream",
     "text": [
      "new data (-0.10423043705990764,1.932029381831129):\n",
      "Postirior mean:\n",
      "[[ 0.48168488]\n",
      " [-0.05020623]\n",
      " [ 0.00523302]]\n",
      " Posterior variance:\n",
      "[[ 7.50684496e-01  2.59862639e-02 -2.70855965e-03]\n",
      " [ 2.59862639e-02  9.97291440e-01  2.82314356e-04]\n",
      " [-2.70855965e-03  2.82314356e-04  9.99970574e-01]]\n",
      "Predictive distribution ~ N(0.48697, 3.75616)\n",
      "new data (0.8570722045046424,2.1361660922719232):\n",
      "Postirior mean:\n",
      "[[0.73954847]\n",
      " [0.24444127]\n",
      " [0.25009169]]\n",
      " Posterior variance:\n",
      "[[ 0.63330354 -0.10813893 -0.1141696 ]\n",
      " [-0.10813893  0.84403346 -0.1270785 ]\n",
      " [-0.1141696  -0.1270785   0.89413088]]\n",
      "Predictive distribution ~ N(1.13276, 4.22267)\n",
      "new data (0.7288108831821889,3.7675799465207183):\n",
      "Postirior mean:\n",
      "[[1.07867982]\n",
      " [0.54625281]\n",
      " [0.43423051]]\n",
      " Posterior variance:\n",
      "[[ 0.5716632  -0.16299604 -0.14763858]\n",
      " [-0.16299604  0.79521312 -0.15686438]\n",
      " [-0.14763858 -0.15686438  0.87595816]]\n",
      "Predictive distribution ~ N(1.70744, 3.72531)\n",
      "new data (-0.5641367347414157,-2.82952460548407):\n",
      "Postirior mean:\n",
      "[[0.51088017]\n",
      " [1.15539495]\n",
      " [0.23199413]]\n",
      " Posterior variance:\n",
      "[[ 0.47800358 -0.0625169  -0.18099785]\n",
      " [-0.0625169   0.68741791 -0.12107616]\n",
      " [-0.18099785 -0.12107616  0.86407641]]\n",
      "Predictive distribution ~ N(-0.06709, 3.78310)\n",
      "new data (0.24637497818824028,1.5880335186411707):\n",
      "Postirior mean:\n",
      "[[0.61229081]\n",
      " [1.17773699]\n",
      " [0.19643012]]\n",
      " Posterior variance:\n",
      "[[ 0.41916768 -0.07547918 -0.16036451]\n",
      " [-0.07547918  0.68456216 -0.11653037]\n",
      " [-0.16036451 -0.11653037  0.85684044]]\n",
      "Predictive distribution ~ N(0.91438, 3.40373)\n",
      "new data (0.5023288194046125,-0.2190560857096484):\n",
      "Postirior mean:\n",
      "[[0.46726375]\n",
      " [1.07603049]\n",
      " [0.19757527]]\n",
      " Posterior variance:\n",
      "[[ 0.38560401 -0.09901716 -0.16009949]\n",
      " [-0.09901716  0.66805514 -0.11634452]\n",
      " [-0.16009949 -0.11634452  0.85683834]]\n",
      "Predictive distribution ~ N(1.05764, 3.39896)\n",
      "new data (-0.9187579973411886,-0.5009453789754823):\n",
      "Postirior mean:\n",
      "[[0.45652098]\n",
      " [1.10154769]\n",
      " [0.17649262]]\n",
      " Posterior variance:\n",
      "[[ 3.60545282e-01 -3.94953285e-02 -2.09277200e-01]\n",
      " [-3.94953285e-02  5.26673333e-01  4.66980341e-04]\n",
      " [-2.09277200e-01  4.66980341e-04  7.60327157e-01]]\n",
      "Predictive distribution ~ N(-0.40655, 4.06542)\n",
      "new data (0.47452550001849714,1.3218221421323557):\n",
      "Postirior mean:\n",
      "[[0.48287697]\n",
      " [1.12037735]\n",
      " [0.17310739]]\n",
      " Posterior variance:\n",
      "[[ 0.33490006 -0.05781718 -0.20598327]\n",
      " [-0.05781718  0.51358355  0.00282028]\n",
      " [-0.20598327  0.00282028  0.75990408]]\n",
      "Predictive distribution ~ N(1.05350, 3.34204)\n",
      "new data (0.22598620777515688,-1.9713090107241684):\n",
      "Postirior mean:\n",
      "[[0.22787193]\n",
      " [1.07254904]\n",
      " [0.30952236]]\n",
      " Posterior variance:\n",
      "[[ 0.30567308 -0.06329895 -0.19034829]\n",
      " [-0.06329895  0.5125554   0.00575275]\n",
      " [-0.19034829  0.00575275  0.75154015]]\n",
      "Predictive distribution ~ N(0.48606, 3.28589)\n",
      "new data (0.4021193456783805,4.548565782263761):\n",
      "Postirior mean:\n",
      "[[0.51838978]\n",
      " [1.23995983]\n",
      " [0.23205834]]\n",
      " Posterior variance:\n",
      "[[ 0.28679833 -0.07417551 -0.18531551]\n",
      " [-0.07417551  0.50628778  0.00865289]\n",
      " [-0.18531551  0.00865289  0.7501982 ]]\n",
      "Predictive distribution ~ N(1.05453, 3.26982)\n",
      "new data (0.866226233850284,7.744017636189996):\n",
      "Postirior mean:\n",
      "[[0.65350634]\n",
      " [1.84013877]\n",
      " [0.85523704]]\n",
      " Posterior variance:\n",
      "[[ 0.28491098 -0.082559   -0.19402027]\n",
      " [-0.082559    0.46904887 -0.03001307]\n",
      " [-0.19402027 -0.03001307  0.7100505 ]]\n",
      "Predictive distribution ~ N(2.88921, 3.56342)\n",
      "new data (-0.2684806671254465,5.998104829647597):\n",
      "Postirior mean:\n",
      "[[1.1604584 ]\n",
      " [1.47577788]\n",
      " [0.62211063]]\n",
      " Posterior variance:\n",
      "[[ 0.25919117 -0.06407344 -0.18219278]\n",
      " [-0.06407344  0.45576277 -0.03851382]\n",
      " [-0.18219278 -0.03851382  0.70461153]]\n",
      "Predictive distribution ~ N(0.80908, 3.30533)\n",
      "new data (0.9020531463582333,3.9767582051005888):\n",
      "Postirior mean:\n",
      "[[1.17479705]\n",
      " [1.56095997]\n",
      " [0.71827346]]\n",
      " Posterior variance:\n",
      "[[ 0.25841271 -0.06869807 -0.18741357]\n",
      " [-0.06869807  0.42828909 -0.06952911]\n",
      " [-0.18741357 -0.06952911  0.66959808]]\n",
      "Predictive distribution ~ N(3.16732, 3.51925)\n",
      "new data (-0.7568461599131961,2.868119669228794):\n",
      "Postirior mean:\n",
      "[[1.31097354]\n",
      " [1.27078911]\n",
      " [0.88510699]]\n",
      " Posterior variance:\n",
      "[[ 0.24718746 -0.04477881 -0.20116593]\n",
      " [-0.04477881  0.37732088 -0.04022498]\n",
      " [-0.20116593 -0.04022498  0.65274969]]\n",
      "Predictive distribution ~ N(0.85619, 3.54970)\n",
      "new data (-0.7122850242744414,2.7033787933547764):\n",
      "Postirior mean:\n",
      "[[1.40459007]\n",
      " [1.0941834 ]\n",
      " [0.96901238]]\n",
      " Posterior variance:\n",
      "[[ 0.23822235 -0.0278663  -0.20920107]\n",
      " [-0.0278663   0.34541576 -0.02506685]\n",
      " [-0.20920107 -0.02506685  0.64554806]]\n",
      "Predictive distribution ~ N(1.11685, 3.42517)\n",
      "new data (0.05891144815330307,3.193274968662416):\n",
      "Postirior mean:\n",
      "[[1.53006551]\n",
      " [1.09013786]\n",
      " [0.85812303]]\n",
      " Posterior variance:\n",
      "[[ 0.22102517 -0.02731183 -0.194003  ]\n",
      " [-0.02731183  0.34539789 -0.02555686]\n",
      " [-0.194003   -0.02555686  0.63211672]]\n",
      "Predictive distribution ~ N(1.59727, 3.21766)\n",
      "new data (-0.5293211981908086,1.1925622788166927):\n",
      "Postirior mean:\n",
      "[[1.53001605]\n",
      " [1.0901972 ]\n",
      " [0.85812395]]\n",
      " Posterior variance:\n",
      "[[ 0.2110693  -0.01536766 -0.19381786]\n",
      " [-0.01536766  0.33106834 -0.02577897]\n",
      " [-0.19381786 -0.02577897  0.63211327]]\n",
      "Predictive distribution ~ N(1.19338, 3.26876)\n",
      "new data (0.6075896039564537,3.6031470528653067):\n",
      "Postirior mean:\n",
      "[[1.57388776]\n",
      " [1.1496008 ]\n",
      " [0.86616935]]\n",
      " Posterior variance:\n",
      "[[ 0.20584851 -0.02243676 -0.19477528]\n",
      " [-0.02243676  0.32149657 -0.02707534]\n",
      " [-0.19477528 -0.02707534  0.6319377 ]]\n",
      "Predictive distribution ~ N(2.59213, 3.22744)\n",
      "new data (0.06853734690298463,1.832672030578625):\n",
      "Postirior mean:\n",
      "[[1.5850612 ]\n",
      " [1.14957172]\n",
      " [0.8555306 ]]\n",
      " Posterior variance:\n",
      "[[ 0.19293032 -0.02240314 -0.18247527]\n",
      " [-0.02240314  0.32149648 -0.02710736]\n",
      " [-0.18247527 -0.02710736  0.6202263 ]]\n",
      "Predictive distribution ~ N(1.66787, 3.18965)\n",
      "new data (-0.05328337826267804,1.2363332838653454):\n",
      "Postirior mean:\n",
      "[[1.56749518]\n",
      " [1.15316561]\n",
      " [0.87179592]]\n",
      " Posterior variance:\n",
      "[[ 0.18119923 -0.02000303 -0.17161284]\n",
      " [-0.02000303  0.32100543 -0.02932974]\n",
      " [-0.17161284 -0.02932974  0.6101682 ]]\n",
      "Predictive distribution ~ N(1.50853, 3.18328)\n",
      "new data (-0.9209987115219831,1.4038048913092338):\n",
      "Postirior mean:\n",
      "[[1.56982635]\n",
      " [1.1384796 ]\n",
      " [0.88788101]]\n",
      " Posterior variance:\n",
      "[[ 0.18040614 -0.01500672 -0.17708513]\n",
      " [-0.01500672  0.28952948  0.00514481]\n",
      " [-0.17708513  0.00514481  0.57240938]]\n",
      "Predictive distribution ~ N(1.27442, 3.55703)\n",
      "new data (-0.17989297291001116,2.2991046935076436):\n",
      "Postirior mean:\n",
      "[[1.62025777]\n",
      " [1.11945156]\n",
      " [0.84253563]]\n",
      " Posterior variance:\n",
      "[[ 0.17052568 -0.01127877 -0.16820112]\n",
      " [-0.01127877  0.2881229   0.00179283]\n",
      " [-0.16820112  0.00179283  0.56442132]]\n",
      "Predictive distribution ~ N(1.44614, 3.17359)\n",
      "new data (-0.9064691282023025,-0.6143569316521567):\n",
      "Postirior mean:\n",
      "[[1.59721185]\n",
      " [1.26625084]\n",
      " [0.68329225]]\n",
      " Posterior variance:\n",
      "[[ 0.17001297 -0.00801285 -0.17174389]\n",
      " [-0.00801285  0.26731944  0.02435979]\n",
      " [-0.17174389  0.02435979  0.53994137]]\n",
      "Predictive distribution ~ N(1.01085, 3.45022)\n",
      "new data (-0.1448740350255151,-0.24313804329782707):\n",
      "Postirior mean:\n",
      "[[1.50889132]\n",
      " [1.29061683]\n",
      " [0.76970019]]\n",
      " Posterior variance:\n",
      "[[ 0.16115741 -0.00556976 -0.1630801 ]\n",
      " [-0.00556976  0.26664544  0.02196961]\n",
      " [-0.1630801   0.02196961  0.53146519]]\n",
      "Predictive distribution ~ N(1.33807, 3.16162)\n",
      "new data (0.5795905945279323,4.494522854243492):\n",
      "Postirior mean:\n",
      "[[1.57261782]\n",
      " [1.38721724]\n",
      " [0.78711412]]\n",
      " Posterior variance:\n",
      "[[ 0.15783602 -0.01060452 -0.16398771]\n",
      " [-0.01060452  0.25901345  0.02059381]\n",
      " [-0.16398771  0.02059381  0.53121718]]\n",
      "Predictive distribution ~ N(2.64105, 3.19034)\n",
      "new data (0.17424192623133195,-0.2241787156761179):\n",
      "Postirior mean:\n",
      "[[1.47383345]\n",
      " [1.3642224 ]\n",
      " [0.88149074]]\n",
      " Posterior variance:\n",
      "[[ 0.15060301 -0.01228821 -0.15707744]\n",
      " [-0.01228821  0.25862152  0.02220237]\n",
      " [-0.15707744  0.02220237  0.52461525]]\n",
      "Predictive distribution ~ N(1.73830, 3.14535)\n",
      "new data (0.21574675299295865,0.16323008864840394):\n",
      "Postirior mean:\n",
      "[[1.40021175]\n",
      " [1.3409058 ]\n",
      " [0.94842653]]\n",
      " Posterior variance:\n",
      "[[ 0.14431235 -0.01428051 -0.15135806]\n",
      " [-0.01428051  0.25799054  0.02401375]\n",
      " [-0.15135806  0.02401375  0.51941527]]\n",
      "Predictive distribution ~ N(1.73365, 3.13768)\n",
      "new data (0.4937118873130857,3.3292987103331444):\n",
      "Postirior mean:\n",
      "[[1.43315584]\n",
      " [1.3799477 ]\n",
      " [0.94419431]]\n",
      " Posterior variance:\n",
      "[[ 0.14112036 -0.01806333 -0.15094799]\n",
      " [-0.01806333  0.25350755  0.02449971]\n",
      " [-0.15094799  0.02449971  0.51936259]]\n",
      "Predictive distribution ~ N(2.34460, 3.14824)\n",
      "new data (0.5284778537793882,4.073965341787968):\n",
      "Postirior mean:\n",
      "[[1.4798387 ]\n",
      " [1.44403483]\n",
      " [0.94787591]]\n",
      " Posterior variance:\n",
      "[[ 0.13858721 -0.02154088 -0.15114777]\n",
      " [-0.02154088  0.2487335   0.02422546]\n",
      " [-0.15114777  0.02422546  0.51934683]]\n",
      "Predictive distribution ~ N(2.50771, 3.14852)\n",
      "new data (0.850800415223744,0.4221473286249182):\n",
      "Postirior mean:\n",
      "[[1.47025474]\n",
      " [1.26064674]\n",
      " [0.73111612]]\n",
      " Posterior variance:\n",
      "[[ 0.13855223 -0.0222103  -0.151939  ]\n",
      " [-0.0222103   0.23592415  0.00908516]\n",
      " [-0.151939    0.00908516  0.50145141]]\n",
      "Predictive distribution ~ N(3.07204, 3.32551)\n",
      "new data (-0.40546342180109884,0.5109031931155366):\n",
      "Postirior mean:\n",
      "[[1.44819019]\n",
      " [1.28159464]\n",
      " [0.74428942]]\n",
      " Posterior variance:\n",
      "[[ 0.13379389 -0.01769277 -0.14909811]\n",
      " [-0.01769277  0.23163525  0.00638804]\n",
      " [-0.14909811  0.00638804  0.49975529]]\n",
      "Predictive distribution ~ N(1.05091, 3.14985)\n",
      "new data (-0.8236000052747743,-1.6845336485230349):\n",
      "Postirior mean:\n",
      "[[1.41168451]\n",
      " [1.43937754]\n",
      " [0.60157975]]\n",
      " Posterior variance:\n",
      "[[ 0.13312614 -0.01480669 -0.15170849]\n",
      " [-0.01480669  0.21916116  0.01767046]\n",
      " [-0.15170849  0.01767046  0.4895507 ]]\n",
      "Predictive distribution ~ N(0.63427, 3.30587)\n",
      "new data (-0.8696576353751027,0.32125480311027665):\n",
      "Postirior mean:\n",
      "[[1.40894557]\n",
      " [1.45620073]\n",
      " [0.583781  ]]\n",
      " Posterior variance:\n",
      "[[ 0.13283452 -0.01301546 -0.15360358]\n",
      " [-0.01301546  0.20815902  0.0293106 ]\n",
      " [-0.15360358  0.0293106   0.47723556]]\n",
      "Predictive distribution ~ N(0.58407, 3.31498)\n",
      "new data (0.946990394338888,6.108198905128104):\n",
      "Postirior mean:\n",
      "[[1.39498101]\n",
      " [1.62660972]\n",
      " [0.82849405]]\n",
      " Posterior variance:\n",
      "[[ 0.13274843 -0.01196492 -0.15209497]\n",
      " [-0.01196492  0.19533929  0.01090104]\n",
      " [-0.15209497  0.01090104  0.45079882]]\n",
      "Predictive distribution ~ N(3.67835, 3.39353)\n",
      "new data (0.973178228309802,3.4812019518276007):\n",
      "Postirior mean:\n",
      "[[1.39686271]\n",
      " [1.61115165]\n",
      " [0.8050801 ]]\n",
      " Posterior variance:\n",
      "[[ 0.13259503 -0.01070473 -0.1501862 ]\n",
      " [-0.01070473  0.18498697 -0.00477936]\n",
      " [-0.1501862  -0.00477936  0.4270481 ]]\n",
      "Predictive distribution ~ N(3.72727, 3.37671)\n",
      "new data (0.09810184066143157,0.8760816547372043):\n",
      "Postirior mean:\n",
      "[[1.3683192 ]\n",
      " [1.60952881]\n",
      " [0.83723175]]\n",
      " Posterior variance:\n",
      "[[ 0.12718639 -0.01101224 -0.14409386]\n",
      " [-0.01101224  0.18496949 -0.00443298]\n",
      " [-0.14409386 -0.00443298  0.42018564]]\n",
      "Predictive distribution ~ N(1.53427, 3.12406)\n",
      "new data (0.8785229379035577,4.22077760043711):\n",
      "Postirior mean:\n",
      "[[1.36984442]\n",
      " [1.64537615]\n",
      " [0.87991747]]\n",
      " Posterior variance:\n",
      "[[ 0.12717426 -0.01129729 -0.14443329]\n",
      " [-0.01129729  0.17827005 -0.01241043]\n",
      " [-0.14443329 -0.01241043  0.41068638]]\n",
      "Predictive distribution ~ N(3.49447, 3.24977)\n",
      "new data (-0.3258928070879885,1.2992458557586137):\n",
      "Postirior mean:\n",
      "[[1.38358714]\n",
      " [1.63696366]\n",
      " [0.86840479]]\n",
      " Posterior variance:\n",
      "[[ 0.12290866 -0.00868614 -0.14085986]\n",
      " [-0.00868614  0.17667166 -0.01459787]\n",
      " [-0.14085986 -0.01459787  0.40769282]]\n",
      "Predictive distribution ~ N(0.94234, 3.12302)\n",
      "new data (-0.08659564154763388,-0.8844080393055939):\n",
      "Postirior mean:\n",
      "[[1.29987615]\n",
      " [1.65341479]\n",
      " [0.96162952]]\n",
      " Posterior variance:\n",
      "[[ 0.11809641 -0.00774042 -0.1355007 ]\n",
      " [-0.00774042  0.1764858  -0.01565107]\n",
      " [-0.1355007  -0.01565107  0.40172459]]\n",
      "Predictive distribution ~ N(1.16391, 3.11877)\n",
      "new data (-0.31182208119463173,2.05424071922806):\n",
      "Postirior mean:\n",
      "[[1.34036778]\n",
      " [1.62916   ]\n",
      " [0.9270891 ]]\n",
      " Posterior variance:\n",
      "[[ 0.11440205 -0.00552747 -0.13234932]\n",
      " [-0.00552747  0.17516023 -0.01753877]\n",
      " [-0.13234932 -0.01753877  0.39903637]]\n",
      "Predictive distribution ~ N(0.92250, 3.11398)\n",
      "new data (0.42579656333260507,3.0292747585970314):\n",
      "Postirior mean:\n",
      "[[1.36383257]\n",
      " [1.64671474]\n",
      " [0.90910917]]\n",
      " Posterior variance:\n",
      "[[ 0.11190408 -0.00739628 -0.13043525]\n",
      " [-0.00739628  0.17376212 -0.01610679]\n",
      " [-0.13043525 -0.01610679  0.39756972]]\n",
      "Predictive distribution ~ N(2.22982, 3.10039)\n",
      "new data (0.9667948393189794,7.844649344746983):\n",
      "Postirior mean:\n",
      "[[1.34304214]\n",
      " [1.82301193]\n",
      " [1.18238116]]\n",
      " Posterior variance:\n",
      "[[ 0.11181574 -0.00664713 -0.12927401]\n",
      " [-0.00664713  0.1674095  -0.02595375]\n",
      " [-0.12927401 -0.02595375  0.38230629]]\n",
      "Predictive distribution ~ N(4.21068, 3.30087)\n",
      "new data (-0.2850395509167536,-1.4931723600291837):\n",
      "Postirior mean:\n",
      "[[1.26302646]\n",
      " [1.86679585]\n",
      " [1.25278902]]\n",
      " Posterior variance:\n",
      "[[ 0.10839286 -0.00477416 -0.12626213]\n",
      " [-0.00477416  0.16638463 -0.02760183]\n",
      " [-0.12626213 -0.02760183  0.37965606]]\n",
      "Predictive distribution ~ N(0.83270, 3.10790)\n",
      "new data (0.10310032562832983,5.512967168801464):\n",
      "Postirior mean:\n",
      "[[1.40174939]\n",
      " [1.88253095]\n",
      " [1.08996401]]\n",
      " Posterior variance:\n",
      "[[ 0.10473768 -0.00518876 -0.1219719 ]\n",
      " [-0.00518876  0.1663376  -0.02711519]\n",
      " [-0.1219719  -0.02711519  0.37462043]]\n",
      "Predictive distribution ~ N(1.60742, 3.10283)\n",
      "new data (-0.8494970656519658,-2.519282272950155):\n",
      "Postirior mean:\n",
      "[[1.38176542]\n",
      " [2.03962063]\n",
      " [0.92781727]]\n",
      " Posterior variance:\n",
      "[[ 0.10460187 -0.00412116 -0.12307387]\n",
      " [-0.00412116  0.15794541 -0.01845284]\n",
      " [-0.12307387 -0.01845284  0.36567921]]\n",
      "Predictive distribution ~ N(0.31867, 3.26101)\n",
      "new data (-0.5832698778981231,0.6846047817583041):\n",
      "Postirior mean:\n",
      "[[1.38544662]\n",
      " [2.03382639]\n",
      " [0.92850081]]\n",
      " Posterior variance:\n",
      "[[ 0.10324599 -0.00198699 -0.12332563]\n",
      " [-0.00198699  0.15458621 -0.01805656]\n",
      " [-0.12332563 -0.01805656  0.36563246]]\n",
      "Predictive distribution ~ N(0.51506, 3.12373)\n",
      "new data (-0.025740960356783082,-0.9661802257059168):\n",
      "Postirior mean:\n",
      "[[1.30895225]\n",
      " [2.03825688]\n",
      " [1.01937512]]\n",
      " Posterior variance:\n",
      "[[ 0.09981304 -0.00178815 -0.11924734]\n",
      " [-0.00178815  0.15457469 -0.01829277]\n",
      " [-0.11924734 -0.01829277  0.3607875 ]]\n",
      "Predictive distribution ~ N(1.25716, 3.09985)\n",
      "new data (0.9610151832242169,3.569598325334161):\n",
      "Postirior mean:\n",
      "[[1.31128924]\n",
      " [2.01304186]\n",
      " [0.98124599]]\n",
      " Posterior variance:\n",
      "[[ 0.09976906 -0.00131364 -0.1185298 ]\n",
      " [-0.00131364  0.14945491 -0.02603469]\n",
      " [-0.1185298  -0.02603469  0.34908048]]\n",
      "Predictive distribution ~ N(4.15208, 3.26787)\n",
      "new data (-0.5675512603817767,-2.8058767508451776):\n",
      "Postirior mean:\n",
      "[[1.24551795]\n",
      " [2.11277652]\n",
      " [0.97207678]]\n",
      " Posterior variance:\n",
      "[[ 0.0985232   0.00057558 -0.11870349]\n",
      " [ 0.00057558  0.14659013 -0.02577131]\n",
      " [-0.11870349 -0.02577131  0.34905627]]\n",
      "Predictive distribution ~ N(0.35953, 3.11426)\n",
      "new data (-0.46314220682150253,1.604495666336211):\n",
      "Postirior mean:\n",
      "[[1.27203153]\n",
      " [2.0862448 ]\n",
      " [0.96045988]]\n",
      " Posterior variance:\n",
      "[[ 0.09681365  0.00228629 -0.11795445]\n",
      " [ 0.00228629  0.14487825 -0.02652086]\n",
      " [-0.11795445 -0.02652086  0.34872808]]\n",
      "Predictive distribution ~ N(0.51182, 3.09648)\n",
      "new data (-0.7892852043643412,2.170566085856652):\n",
      "Postirior mean:\n",
      "[[1.28513675]\n",
      " [2.00796394]\n",
      " [1.03365125]]\n",
      " Posterior variance:\n",
      "[[ 0.09666874  0.00315187 -0.11876375]\n",
      " [ 0.00315187  0.13970791 -0.02168668]\n",
      " [-0.11876375 -0.02168668  0.3442082 ]]\n",
      "Predictive distribution ~ N(0.34422, 3.18567)\n",
      "new data (0.9615402980673251,6.619374250697739):\n",
      "Postirior mean:\n",
      "[[1.27756788]\n",
      " [2.09592791]\n",
      " [1.1674478 ]]\n",
      " Posterior variance:\n",
      "[[ 0.0966375   0.00351499 -0.11821143]\n",
      " [ 0.00351499  0.13548779 -0.02810565]\n",
      " [-0.11821143 -0.02810565  0.33444469]]\n",
      "Predictive distribution ~ N(4.37226, 3.24599)\n",
      "new data (-0.8943015359907431,1.2835740395470214):\n",
      "Postirior mean:\n",
      "[[1.27726374]\n",
      " [2.05528101]\n",
      " [1.21803637]]\n",
      " Posterior variance:\n",
      "[[ 0.09663716  0.00346997 -0.1181554 ]\n",
      " [ 0.00346997  0.12947126 -0.02061757]\n",
      " [-0.1181554  -0.02061757  0.32512512]]\n",
      "Predictive distribution ~ N(0.41338, 3.24244)\n",
      "new data (-0.20887530012853195,-3.388825316553591):\n",
      "Postirior mean:\n",
      "[[1.15132472]\n",
      " [2.08924071]\n",
      " [1.35633468]]\n",
      " Posterior variance:\n",
      "[[ 0.09397281  0.00418842 -0.11522958]\n",
      " [ 0.00418842  0.12927753 -0.02140652]\n",
      " [-0.11522958 -0.02140652  0.32191217]]\n",
      "Predictive distribution ~ N(0.77411, 3.08881)\n",
      "new data (-0.7712733230465578,1.4107256346789045):\n",
      "Postirior mean:\n",
      "[[1.15879606]\n",
      " [2.05280273]\n",
      " [1.38756225]]\n",
      " Posterior variance:\n",
      "[[ 0.09381694  0.00494861 -0.11588107]\n",
      " [ 0.00494861  0.12557005 -0.01822919]\n",
      " [-0.11588107 -0.01822919  0.31918917]]\n",
      "Predictive distribution ~ N(0.40093, 3.15269)\n",
      "new data (-0.04924055978660946,0.4127820851981478):\n",
      "Postirior mean:\n",
      "[[1.13924236]\n",
      " [2.05307075]\n",
      " [1.41150012]]\n",
      " Posterior variance:\n",
      "[[ 0.09100309  0.00498718 -0.11243632]\n",
      " [ 0.00498718  0.12556952 -0.01827641]\n",
      " [-0.11243632 -0.01827641  0.31497207]]\n",
      "Predictive distribution ~ N(1.04157, 3.09028)\n",
      "new data (-0.3842070533827071,2.266490483246631):\n",
      "Postirior mean:\n",
      "[[1.17941508]\n",
      " [2.02760294]\n",
      " [1.37884765]]\n",
      " Posterior variance:\n",
      "[[ 0.0892978   0.00606826 -0.11105026]\n",
      " [ 0.00606826  0.12488416 -0.01915511]\n",
      " [-0.11105026 -0.01915511  0.31384548]]\n",
      "Predictive distribution ~ N(0.60393, 3.07930)\n",
      "new data (-0.8586135462849753,3.8554116397775604):\n",
      "Postirior mean:\n",
      "[[1.18177193]\n",
      " [1.90518018]\n",
      " [1.52409016]]\n",
      " Posterior variance:\n",
      "[[ 0.08929626  0.00614816 -0.11114505]\n",
      " [ 0.00614816  0.1207338  -0.01423111]\n",
      " [-0.11114505 -0.01423111  0.30800365]]\n",
      "Predictive distribution ~ N(0.66954, 3.18928)\n",
      "new data (0.4107076102156211,4.803098534292824):\n",
      "Postirior mean:\n",
      "[[1.2429451 ]\n",
      " [1.94982857]\n",
      " [1.46964576]]\n",
      " Posterior variance:\n",
      "[[ 0.08756484  0.00488445 -0.10960408]\n",
      " [ 0.00488445  0.11981146 -0.01310641]\n",
      " [-0.10960408 -0.01310641  0.30663217]]\n",
      "Predictive distribution ~ N(2.29166, 3.08172)\n",
      "new data (-0.24450093334512712,2.4478037315667343):\n",
      "Postirior mean:\n",
      "[[1.28423732]\n",
      " [1.9367955 ]\n",
      " [1.42408533]]\n",
      " Posterior variance:\n",
      "[[ 0.08549682  0.00553718 -0.1073223 ]\n",
      " [ 0.00553718  0.11960544 -0.01382661]\n",
      " [-0.1073223  -0.01382661  0.30411453]]\n",
      "Predictive distribution ~ N(0.89582, 3.07860)\n",
      "new data (0.480345819865567,3.491138148191098):\n",
      "Postirior mean:\n",
      "[[1.30373645]\n",
      " [1.95518887]\n",
      " [1.4106146 ]]\n",
      " Posterior variance:\n",
      "[[ 0.08419288  0.00430718 -0.10642149]\n",
      " [ 0.00430718  0.11844519 -0.01297687]\n",
      " [-0.10642149 -0.01297687  0.30349222]]\n",
      "Predictive distribution ~ N(2.56838, 3.07983)\n",
      "new data (0.2677215145613916,-1.1009152282863683):\n",
      "Postirior mean:\n",
      "[[1.22731966]\n",
      " [1.92068905]\n",
      " [1.49728149]]\n",
      " Posterior variance:\n",
      "[[ 0.0822323   0.00342204 -0.10419793]\n",
      " [ 0.00342204  0.11804557 -0.01197301]\n",
      " [-0.10419793 -0.01197301  0.30097041]]\n",
      "Predictive distribution ~ N(1.84885, 3.07868)\n",
      "new data (0.24790643936568668,0.285614579428642):\n",
      "Postirior mean:\n",
      "[[1.18972077]\n",
      " [1.90502198]\n",
      " [1.54076087]]\n",
      " Posterior variance:\n",
      "[[ 0.08032289  0.00262641 -0.10198989]\n",
      " [ 0.00262641  0.11771404 -0.01105294]\n",
      " [-0.10198989 -0.01105294  0.29841703]]\n",
      "Predictive distribution ~ N(1.75668, 3.07711)\n",
      "new data (-0.11919065054988964,3.99838502375431):\n",
      "Postirior mean:\n",
      "[[1.26662982]\n",
      " [1.89370405]\n",
      " [1.4463555 ]]\n",
      " Posterior variance:\n",
      "[[ 0.07831812  0.00292143 -0.09952905]\n",
      " [ 0.00292143  0.11767063 -0.01141508]\n",
      " [-0.09952905 -0.01141508  0.29539636]]\n",
      "Predictive distribution ~ N(1.06147, 3.07656)\n",
      "new data (-0.41514841956275395,0.689640504484647):\n",
      "Postirior mean:\n",
      "[[1.26584736]\n",
      " [1.89432917]\n",
      " [1.44692819]]\n",
      " Posterior variance:\n",
      "[[ 0.07714824  0.00385608 -0.0986728 ]\n",
      " [ 0.00385608  0.11692392 -0.01209915]\n",
      " [-0.0986728  -0.01209915  0.29476967]]\n",
      "Predictive distribution ~ N(0.72880, 3.07057)\n",
      "new data (-0.6477648694080387,2.730058963312117):\n",
      "Postirior mean:\n",
      "[[1.2882224 ]\n",
      " [1.84253616]\n",
      " [1.46903564]]\n",
      " Posterior variance:\n",
      "[[ 0.07679131  0.0046823  -0.09902547]\n",
      " [ 0.0046823   0.11501141 -0.01128281]\n",
      " [-0.09902547 -0.01128281  0.29442122]]\n",
      "Predictive distribution ~ N(0.71110, 3.09385)\n",
      "new data (-0.9068023358867761,2.0951403032598375):\n",
      "Postirior mean:\n",
      "[[1.28471535]\n",
      " [1.79954326]\n",
      " [1.52956616]]\n",
      " Posterior variance:\n",
      "[[ 0.07676677  0.00438155 -0.09860204]\n",
      " [ 0.00438155  0.11132456 -0.00609203]\n",
      " [-0.09860204 -0.00609203  0.28711302]]\n",
      "Predictive distribution ~ N(0.91063, 3.20142)\n",
      "new data (0.1138793754238916,-2.5371707664454917):\n",
      "Postirior mean:\n",
      "[[1.18477223]\n",
      " [1.77720989]\n",
      " [1.65526922]]\n",
      " Posterior variance:\n",
      "[[ 0.07489007  0.00396218 -0.09624162]\n",
      " [ 0.00396218  0.11123084 -0.00556456]\n",
      " [-0.09624162 -0.00556456  0.28414421]]\n",
      "Predictive distribution ~ N(1.40863, 3.07477)\n",
      "new data (-0.3311971990534712,0.41904816756468644):\n",
      "Postirior mean:\n",
      "[[1.17740235]\n",
      " [1.78112604]\n",
      " [1.66266361]]\n",
      " Posterior variance:\n",
      "[[ 0.07359518  0.00465025 -0.09494244]\n",
      " [ 0.00465025  0.11086523 -0.00625492]\n",
      " [-0.09494244 -0.00625492  0.2828407 ]]\n",
      "Predictive distribution ~ N(0.76988, 3.06570)\n",
      "new data (-0.888752490651658,2.9490684912453506):\n",
      "Postirior mean:\n",
      "[[1.17386094]\n",
      " [1.71785149]\n",
      " [1.74847946]]\n",
      " Posterior variance:\n",
      "[[ 0.07358559  0.00447881 -0.09470992]\n",
      " [ 0.00447881  0.10780208 -0.00210053]\n",
      " [-0.09470992 -0.00210053  0.27720634]]\n",
      "Predictive distribution ~ N(1.02821, 3.17706)\n",
      "new data (-0.5875855418359102,-0.19203074755006866):\n",
      "Postirior mean:\n",
      "[[1.16191203]\n",
      " [1.73646433]\n",
      " [1.74778239]]\n",
      " Posterior variance:\n",
      "[[ 0.07310953  0.00522036 -0.09473769]\n",
      " [ 0.00522036  0.10664695 -0.00205727]\n",
      " [-0.09473769 -0.00205727  0.27720472]]\n",
      "Predictive distribution ~ N(0.74502, 3.07226)\n",
      "new data (0.07869105552276423,3.394861174078539):\n",
      "Postirior mean:\n",
      "[[1.21140138]\n",
      " [1.7456925 ]\n",
      " [1.68455278]]\n",
      " Posterior variance:\n",
      "[[ 0.07137878  0.00489763 -0.09252642]\n",
      " [ 0.00489763  0.10658678 -0.00164494]\n",
      " [-0.09252642 -0.00164494  0.2743795 ]]\n",
      "Predictive distribution ~ N(1.35920, 3.07167)\n",
      "new data (0.7185645251259902,5.120880302778822):\n",
      "Postirior mean:\n",
      "[[1.2269724 ]\n",
      " [1.79198504]\n",
      " [1.71208757]]\n",
      " Posterior variance:\n",
      "[[ 0.07114222  0.00419432 -0.09294475]\n",
      " [ 0.00419432  0.10449584 -0.00288863]\n",
      " [-0.09294475 -0.00288863  0.27363976]]\n",
      "Predictive distribution ~ N(3.39864, 3.10595)\n",
      "new data (0.6457387230867446,2.6748432328520195):\n",
      "Postirior mean:\n",
      "[[1.22216394]\n",
      " [1.7823301 ]\n",
      " [1.70944431]]\n",
      " Posterior variance:\n",
      "[[ 0.07074346  0.00339364 -0.09316395]\n",
      " [ 0.00339364  0.10288815 -0.00332877]\n",
      " [-0.09316395 -0.00332877  0.27351926]]\n",
      "Predictive distribution ~ N(3.08589, 3.08610)\n",
      "new data (0.9838539852605568,4.193341307346454):\n",
      "Postirior mean:\n",
      "[[1.22433102]\n",
      " [1.76867961]\n",
      " [1.6867848 ]]\n",
      " Posterior variance:\n",
      "[[ 0.07066364  0.00389641 -0.09232938]\n",
      " [ 0.00389641  0.09972125 -0.00858576]\n",
      " [-0.09232938 -0.00858576  0.26479278]]\n",
      "Predictive distribution ~ N(4.59721, 3.22786)\n",
      "new data (0.10803943203087107,3.4362773128548145):\n",
      "Postirior mean:\n",
      "[[1.26995694]\n",
      " [1.77817539]\n",
      " [1.62802037]]\n",
      " Posterior variance:\n",
      "[[ 0.06906751  0.00356421 -0.09027362]\n",
      " [ 0.00356421  0.09965212 -0.00815791]\n",
      " [-0.09027362 -0.00815791  0.26214505]]\n",
      "Predictive distribution ~ N(1.48107, 3.06891)\n",
      "new data (-0.34849582116658073,1.1205120893644698):\n",
      "Postirior mean:\n",
      "[[1.2750188 ]\n",
      " [1.77531294]\n",
      " [1.62307143]]\n",
      " Posterior variance:\n",
      "[[ 0.06801134  0.00416147 -0.08924102]\n",
      " [ 0.00416147  0.09931437 -0.00874184]\n",
      " [-0.08924102 -0.00874184  0.26113548]]\n",
      "Predictive distribution ~ N(0.85345, 3.06009)\n",
      "new data (-0.3729240245907701,3.0320082717718124):\n",
      "Postirior mean:\n",
      "[[1.31376106]\n",
      " [1.75087632]\n",
      " [1.5874718 ]]\n",
      " Posterior variance:\n",
      "[[ 0.06705665  0.00476364 -0.08836376]\n",
      " [ 0.00476364  0.09893455 -0.00929517]\n",
